SM:2025-08-20T12:28:26.6286670Z
LM:2025-08-21T08:20:15.1803727Z
CT:image/jpeg
MA:2592000
CL:6572
