SM:2025-12-11T12:13:59.3344179Z
LM:2025-12-11T12:14:24.1767053Z
CT:image/jpeg
MA:2592000
CL:470691
