SM:2025-12-09T14:54:52.1688450Z
LM:2025-12-11T12:10:13.6119443Z
CT:image/png
MA:2592000
CL:60616
