SM:2025-11-13T14:28:39.6183326Z
LM:2025-12-09T12:03:24.3686472Z
CT:image/webp
MA:2592000
CL:3098
