SM:2025-08-20T06:39:00.3807594Z
LM:2025-08-20T07:26:36.0089143Z
CT:image/jpeg
MA:2592000
CL:33176
