SM:2025-12-09T14:54:51.9001953Z
LM:2025-12-10T08:20:19.1219496Z
CT:image/jpeg
MA:2592000
CL:51479
