SM:2025-08-20T11:38:33.7791803Z
LM:2025-08-20T11:39:53.5628962Z
CT:image/jpeg
MA:2592000
CL:4166
