SM:2025-12-09T13:13:03.0495074Z
LM:2025-12-11T12:10:35.9366129Z
CT:image/jpeg
MA:2592000
CL:27510
