SM:2025-11-05T11:05:25.7979509Z
LM:2025-11-05T11:05:43.7761145Z
CT:image/gif
MA:2592000
CL:10288546
