SM:2025-12-09T13:13:01.7852771Z
LM:2025-12-09T13:13:28.5878424Z
CT:image/jpeg
MA:2592000
CL:25495
