SM:2025-12-09T14:54:51.8800520Z
LM:2025-12-09T14:55:39.3610553Z
CT:image/jpeg
MA:2592000
CL:51856
