SM:2025-12-09T13:13:03.1531525Z
LM:2025-12-09T14:52:58.2559445Z
CT:image/jpeg
MA:2592000
CL:28721
