SM:2025-12-09T13:13:01.9760657Z
LM:2025-12-09T13:13:28.5427685Z
CT:image/jpeg
MA:2592000
CL:26689
