SM:2025-08-20T12:29:01.8047354Z
LM:2025-08-21T08:20:15.1803706Z
CT:image/jpeg
MA:2592000
CL:13014
