SM:2025-08-20T06:39:00.1836291Z
LM:2025-08-20T07:26:35.9351431Z
CT:image/jpeg
MA:2592000
CL:34798
