SM:2025-12-09T13:13:02.0618843Z
LM:2025-12-09T13:13:28.5825098Z
CT:image/jpeg
MA:2592000
CL:25222
