SM:2025-08-20T11:38:33.7791803Z
LM:2025-08-20T11:40:32.7156024Z
CT:image/jpeg
MA:2592000
CL:100482
