SM:2025-12-09T13:13:01.8902790Z
LM:2025-12-09T14:52:59.4597618Z
CT:image/jpeg
MA:2592000
CL:27064
