SM:2025-12-09T14:53:56.0025165Z
LM:2025-12-09T14:53:56.4192233Z
CT:image/jpeg
MA:2592000
CL:46324
