SM:2025-08-20T06:38:59.9448205Z
LM:2025-08-20T06:49:01.0781915Z
CT:image/jpeg
MA:2592000
CL:900946
