SM:2025-12-09T13:11:45.4221513Z
LM:2025-12-09T13:12:02.6635794Z
CT:image/jpeg
MA:2592000
CL:299988
