SM:2025-08-17T17:43:53.9168386Z
LM:2025-08-19T12:19:46.3296816Z
CT:image/jpeg
MA:2592000
CL:1043766
