SM:2025-12-09T13:13:02.8371192Z
LM:2025-12-09T13:13:29.1697968Z
CT:image/jpeg
MA:2592000
CL:25196
