SM:2025-12-09T13:13:04.7035509Z
LM:2025-12-09T14:52:58.2347427Z
CT:image/jpeg
MA:2592000
CL:28011
