SM:2025-08-20T06:39:00.0480381Z
LM:2025-08-21T07:26:12.9388962Z
CT:image/png
MA:2592000
CL:1656726
