SM:2025-12-09T14:54:49.5050708Z
LM:2025-12-10T08:14:17.8323335Z
CT:image/jpeg
MA:2592000
CL:51019
