SM:2025-08-21T08:13:17.9802470Z
LM:2025-08-21T08:20:48.1948698Z
CT:image/jpeg
MA:2592000
CL:451076
