SM:2025-12-09T14:54:50.4724025Z
LM:2025-12-11T12:10:44.9660572Z
CT:image/png
MA:2592000
CL:66854
