SM:2025-12-09T14:54:49.9048590Z
LM:2025-12-10T08:11:11.1526848Z
CT:image/jpeg
MA:2592000
CL:52819
