SM:2025-12-09T14:54:51.9569682Z
LM:2025-12-10T08:13:10.9592636Z
CT:image/jpeg
MA:2592000
CL:50768
