SM:2025-11-05T11:52:20.7394502Z
LM:2025-11-05T11:52:37.2712009Z
CT:image/gif
MA:2592000
CL:15517954
