SM:2025-08-21T08:13:17.9802470Z
LM:2025-08-21T08:20:15.5044319Z
CT:image/jpeg
MA:2592000
CL:10805
