SM:2025-08-20T06:39:00.1009809Z
LM:2025-08-20T07:26:35.9318348Z
CT:image/jpeg
MA:2592000
CL:34432
