SM:2025-11-05T11:56:01.5253098Z
LM:2025-11-05T11:56:34.2077287Z
CT:image/gif
MA:2592000
CL:54082947
