SM:2025-12-09T13:13:03.2900638Z
LM:2025-12-09T13:13:29.2228214Z
CT:image/jpeg
MA:2592000
CL:28277
