SM:2025-12-09T14:54:48.7799087Z
LM:2025-12-10T08:12:30.8164474Z
CT:image/jpeg
MA:2592000
CL:61581
