SM:2025-12-16T06:33:54.8035042Z
LM:2025-12-16T06:34:11.0830392Z
CT:image/jpeg
MA:2592000
CL:70246
