SM:2025-12-09T13:13:02.1885450Z
LM:2025-12-09T14:52:56.2598640Z
CT:image/jpeg
MA:2592000
CL:29623
