SM:2025-12-09T13:13:03.1961425Z
LM:2025-12-09T13:13:38.5841904Z
CT:image/jpeg
MA:2592000
CL:204502
