SM:2025-08-21T08:13:17.9802470Z
LM:2025-08-21T08:20:49.6244631Z
CT:image/jpeg
MA:2592000
CL:177105
