SM:2025-12-09T13:13:03.2318429Z
LM:2025-12-09T14:52:58.2651263Z
CT:image/jpeg
MA:2592000
CL:29139
