SM:2025-08-20T06:39:00.4517057Z
LM:2025-08-20T07:26:36.0100827Z
CT:image/jpeg
MA:2592000
CL:19609
