SM:2025-12-09T13:13:04.0641726Z
LM:2025-12-09T13:13:29.1935348Z
CT:image/jpeg
MA:2592000
CL:28439
