SM:2025-12-09T13:13:04.4842222Z
LM:2025-12-09T14:52:58.2760578Z
CT:image/jpeg
MA:2592000
CL:30115
