SM:2025-12-09T14:54:51.9424915Z
LM:2025-12-10T08:11:38.2850005Z
CT:image/jpeg
MA:2592000
CL:47955
