SM:2025-12-09T13:13:03.0215211Z
LM:2025-12-09T13:13:29.1705858Z
CT:image/jpeg
MA:2592000
CL:26325
