SM:2025-12-09T13:13:01.8725444Z
LM:2025-12-09T13:13:28.5439300Z
CT:image/jpeg
MA:2592000
CL:25255
