SM:2025-12-09T13:13:03.0634224Z
LM:2025-12-09T14:52:58.1937084Z
CT:image/jpeg
MA:2592000
CL:25871
