SM:2025-11-05T11:05:25.7979509Z
LM:2025-11-05T11:05:26.5413252Z
CT:image/gif
MA:2592000
CL:180969
