SM:2025-12-09T14:54:50.9995258Z
LM:2025-12-10T08:07:07.8775231Z
CT:image/png
MA:2592000
CL:69281
