SM:2025-12-09T13:13:03.0923155Z
LM:2025-12-09T13:13:29.1721103Z
CT:image/jpeg
MA:2592000
CL:26985
