SM:2025-08-20T06:39:00.0480381Z
LM:2025-08-20T07:26:35.7064392Z
CT:image/png
MA:2592000
CL:84283
