SM:2025-08-20T06:39:00.1009809Z
LM:2025-08-20T10:17:36.0609312Z
CT:image/jpeg
MA:2592000
CL:590314
