SM:2025-12-09T13:13:03.2757131Z
LM:2025-12-09T14:52:58.6366030Z
CT:image/jpeg
MA:2592000
CL:28112
