SM:2025-11-13T11:43:27.0008898Z
LM:2025-11-13T11:44:09.3133292Z
CT:image/gif
MA:2592000
CL:22763357
