SM:2025-11-05T11:49:43.1207260Z
LM:2025-11-05T11:50:09.0261476Z
CT:image/gif
MA:2592000
CL:14637349
