SM:2025-08-20T06:38:59.9448205Z
LM:2025-08-20T07:26:36.0191833Z
CT:image/jpeg
MA:2592000
CL:56859
