SM:2025-08-20T12:27:35.5806985Z
LM:2025-08-21T14:31:19.1392517Z
CT:image/webp
MA:2592000
CL:39134
