SM:2025-12-09T13:13:03.0191472Z
LM:2025-12-09T13:13:04.7782666Z
CT:image/jpeg
MA:2592000
CL:33988
