SM:2025-12-09T14:54:51.7332614Z
LM:2025-12-10T08:11:38.2393964Z
CT:image/jpeg
MA:2592000
CL:47175
