SM:2025-12-09T14:53:56.0071281Z
LM:2025-12-09T14:53:56.5544189Z
CT:image/jpeg
MA:2592000
CL:44324
