SM:2025-08-20T06:39:00.4517057Z
LM:2025-08-20T10:19:39.6852734Z
CT:image/jpeg
MA:2592000
CL:412650
