SM:2025-12-09T13:13:01.9599527Z
LM:2025-12-09T13:13:28.5371788Z
CT:image/jpeg
MA:2592000
CL:24153
