SM:2025-08-20T12:29:41.5597478Z
LM:2025-08-21T08:20:15.1807800Z
CT:image/jpeg
MA:2592000
CL:8143
