SM:2025-11-05T11:56:01.5253098Z
LM:2025-11-05T11:56:16.0425179Z
CT:image/gif
MA:2592000
CL:1837818
