SM:2025-12-09T13:13:01.7875756Z
LM:2025-12-09T13:13:28.5433281Z
CT:image/jpeg
MA:2592000
CL:25021
