SM:2025-08-20T06:39:00.2464198Z
LM:2025-08-20T07:26:35.9166799Z
CT:image/jpeg
MA:2592000
CL:14629
