SM:2025-12-09T14:54:49.5496661Z
LM:2025-12-10T08:07:07.7960282Z
CT:image/jpeg
MA:2592000
CL:52233
