SM:2025-12-09T13:13:02.0433690Z
LM:2025-12-09T13:13:28.6410007Z
CT:image/jpeg
MA:2592000
CL:25940
