SM:2025-12-09T13:13:02.0130383Z
LM:2025-12-09T13:13:28.5775338Z
CT:image/jpeg
MA:2592000
CL:28959
