SM:2025-12-09T14:54:49.4643960Z
LM:2025-12-09T14:54:51.1953762Z
CT:image/jpeg
MA:2592000
CL:52638
