SM:2025-12-09T14:54:49.3665865Z
LM:2025-12-10T08:13:45.8780941Z
CT:image/jpeg
MA:2592000
CL:52004
