SM:2025-12-09T14:53:56.0145314Z
LM:2025-12-09T14:53:56.7312178Z
CT:image/png
MA:2592000
CL:55658
