SM:2025-12-09T14:54:48.7258507Z
LM:2025-12-09T14:54:49.8637789Z
CT:image/jpeg
MA:2592000
CL:49174
