SM:2025-12-09T13:13:02.6421273Z
LM:2025-12-09T14:52:56.2599050Z
CT:image/jpeg
MA:2592000
CL:30935
