SM:2025-12-09T14:53:56.0085556Z
LM:2025-12-09T14:55:39.6201316Z
CT:image/jpeg
MA:2592000
CL:54045
