SM:2025-12-09T14:54:52.2150814Z
LM:2025-12-10T08:11:38.3930447Z
CT:image/png
MA:2592000
CL:63320
