SM:2025-08-20T12:27:35.5806985Z
LM:2025-08-21T08:20:15.5750254Z
CT:image/webp
MA:2592000
CL:2644
