SM:2025-12-09T13:13:01.3045385Z
LM:2025-12-11T12:10:44.7591515Z
CT:image/jpeg
MA:2592000
CL:29038
