SM:2025-12-09T14:54:48.7896882Z
LM:2025-12-10T08:13:45.8807638Z
CT:image/jpeg
MA:2592000
CL:48144
