SM:2025-08-20T06:39:00.1836291Z
LM:2025-08-20T07:13:59.7546355Z
CT:image/jpeg
MA:2592000
CL:502496
