SM:2025-08-20T06:38:59.9908933Z
LM:2025-08-20T07:26:35.8062284Z
CT:image/jpeg
MA:2592000
CL:32216
