SM:2025-12-09T13:13:02.9700054Z
LM:2025-12-11T12:10:35.9365384Z
CT:image/jpeg
MA:2592000
CL:26682
