SM:2025-11-05T11:49:43.1207260Z
LM:2025-11-05T11:49:43.4634556Z
CT:image/gif
MA:2592000
CL:641073
