SM:2025-12-09T13:13:02.8452761Z
LM:2025-12-11T12:10:35.9368113Z
CT:image/jpeg
MA:2592000
CL:28060
