SM:2025-08-20T06:39:00.3114353Z
LM:2025-08-20T07:26:35.8688087Z
CT:image/jpeg
MA:2592000
CL:30346
