SM:2025-12-16T06:33:54.8035042Z
LM:2025-12-16T06:33:57.8092274Z
CT:image/jpeg
MA:2592000
CL:4467
