SM:2025-11-13T11:43:27.0008898Z
LM:2025-11-13T11:43:34.8730125Z
CT:image/gif
MA:2592000
CL:842684
