SM:2025-12-09T13:13:01.7676624Z
LM:2025-12-09T13:13:28.5475982Z
CT:image/jpeg
MA:2592000
CL:23935
