SM:2025-08-20T06:39:00.1009809Z
LM:2025-08-21T08:02:07.9427168Z
CT:image/jpeg
MA:2592000
CL:810514
