SM:2025-12-09T13:13:04.2139361Z
LM:2025-12-09T14:52:59.4156895Z
CT:image/jpeg
MA:2592000
CL:31130
