SM:2025-12-09T13:13:03.2531756Z
LM:2025-12-09T13:13:29.2103563Z
CT:image/jpeg
MA:2592000
CL:29303
