SM:2025-12-09T14:54:48.7098192Z
LM:2025-12-09T14:54:49.7621604Z
CT:image/jpeg
MA:2592000
CL:46152
