SM:2025-12-09T13:13:02.9425513Z
LM:2025-12-09T14:52:56.2646322Z
CT:image/jpeg
MA:2592000
CL:29328
