SM:2025-12-09T13:13:01.8875377Z
LM:2025-12-09T14:52:59.4173334Z
CT:image/jpeg
MA:2592000
CL:27079
