SM:2025-08-17T17:43:53.8898930Z
LM:2025-08-17T17:46:29.6495171Z
CT:image/jpeg
MA:2592000
CL:900946
