SM:2025-12-09T14:54:48.8656728Z
LM:2025-12-10T08:19:32.8259138Z
CT:image/jpeg
MA:2592000
CL:52289
