SM:2025-12-09T13:13:02.0354047Z
LM:2025-12-09T14:52:56.2598600Z
CT:image/jpeg
MA:2592000
CL:29010
