SM:2025-12-09T13:13:02.8492741Z
LM:2025-12-09T13:13:29.1901968Z
CT:image/jpeg
MA:2592000
CL:25666
