SM:2025-12-09T14:54:49.3618562Z
LM:2025-12-09T14:54:51.1202823Z
CT:image/jpeg
MA:2592000
CL:51514
