SM:2025-12-09T14:54:48.8529248Z
LM:2025-12-11T12:10:44.8954343Z
CT:image/jpeg
MA:2592000
CL:50174
