SM:2025-12-09T13:13:03.1961425Z
LM:2025-12-09T13:13:29.2088435Z
CT:image/jpeg
MA:2592000
CL:28419
