SM:2025-12-09T13:11:45.4221513Z
LM:2025-12-09T13:11:51.3105064Z
CT:image/jpeg
MA:2592000
CL:28667
