SM:2025-12-09T13:13:04.5175009Z
LM:2025-12-09T14:52:58.2369072Z
CT:image/jpeg
MA:2592000
CL:27247
