SM:2025-08-20T06:39:00.3807594Z
LM:2025-12-15T13:52:46.8904554Z
CT:image/jpeg
MA:2592000
CL:414971
