SM:2025-12-09T14:54:49.4153233Z
LM:2025-12-09T14:54:51.1213252Z
CT:image/jpeg
MA:2592000
CL:52076
