SM:2025-12-09T13:13:04.5483716Z
LM:2025-12-09T14:52:58.2181550Z
CT:image/jpeg
MA:2592000
CL:26830
