SM:2025-08-17T17:43:53.8898930Z
LM:2025-08-18T10:21:31.9388053Z
CT:image/jpeg
MA:2592000
CL:2417390
